Translate: 0.035 -0.04 0.04
Rotate:    0 180 0
Scale:     0.00025 0.00025 0.00025
